Theta [deg.]  Phi   [deg.]  Abs(Dir.)[      ]   Abs(Theta)[      ]  Phase(Theta)[deg.]  Abs(Phi  )[      ]  Phase(Phi  )[deg.]  Ax.Ratio[      ]    
------------------------------------------------------------------------------------------------------------------------------------------------------
-180.000         -90.000            7.699e-04           7.895e-07             303.752           7.691e-04             280.808           8.013e+01     
-179.000         -90.000            4.090e-03           3.309e-03              17.660           7.813e-04             281.276           2.079e+00     
-178.000         -90.000            1.234e-02           1.152e-02              18.350           8.164e-04             282.581           3.779e+00     
-177.000         -90.000            2.141e-02           2.054e-02              18.994           8.746e-04             284.383           4.863e+00     
-176.000         -90.000            2.681e-02           2.586e-02              19.942           9.547e-04             286.223           5.216e+00     
-175.000         -90.000            2.592e-02           2.487e-02              21.540           1.052e-03             287.644           4.876e+00     
-174.000         -90.000            1.929e-02           1.814e-02              24.557           1.156e-03             288.272           3.989e+00     
-173.000         -90.000            1.039e-02           9.135e-03              31.410           1.253e-03             287.827           2.801e+00     
-172.000         -90.000            3.819e-03           2.488e-03              54.364           1.331e-03             286.123           2.222e+00     
-171.000         -90.000            3.048e-03           1.672e-03             133.963           1.376e-03             283.007           3.631e+00     
-170.000         -90.000            8.668e-03           7.282e-03             168.071           1.386e-03             278.344           2.510e+00     
-169.000         -90.000            1.811e-02           1.675e-02             177.335           1.365e-03             272.011           3.517e+00     
-168.000         -90.000            2.692e-02           2.559e-02             181.778           1.327e-03             263.936           4.438e+00     
-167.000         -90.000            3.094e-02           2.965e-02             185.076           1.294e-03             254.188           5.154e+00     
-166.000         -90.000            2.835e-02           2.707e-02             188.736           1.285e-03             243.073           5.742e+00     
-165.000         -90.000            2.051e-02           1.920e-02             194.407           1.317e-03             231.167           6.668e+00     
-164.000         -90.000            1.135e-02           9.959e-03             206.014           1.392e-03             219.173           1.332e+01     
-163.000         -90.000            5.446e-03           3.945e-03             236.879           1.501e-03             207.695           4.361e+00     
