Theta [deg.]  Phi   [deg.]  Abs(Dir.)[      ]   Abs(Theta)[      ]  Phase(Theta)[deg.]  Abs(Phi  )[      ]  Phase(Phi  )[deg.]  Ax.Ratio[      ]    
------------------------------------------------------------------------------------------------------------------------------------------------------
-180.000         -90.000            4.609e-02           5.020e-08              96.598           4.609e-02              11.152           3.162e+02     
-179.000         -90.000            5.107e-02           5.535e-03             308.401           4.553e-02              10.922           3.325e+00     
-178.000         -90.000            6.528e-02           2.139e-02             308.426           4.388e-02              10.218           1.888e+00     
-177.000         -90.000            8.654e-02           4.528e-02             308.525           4.126e-02               9.006           1.719e+00     
-176.000         -90.000            1.116e-01           7.373e-02             308.691           3.785e-02               7.231           1.968e+00     
-175.000         -90.000            1.365e-01           1.026e-01             308.936           3.387e-02               4.806           2.376e+00     
-174.000         -90.000            1.575e-01           1.279e-01             309.282           2.958e-02               1.609           2.888e+00     
-173.000         -90.000            1.711e-01           1.459e-01             309.769           2.526e-02             357.474           3.528e+00     
-172.000         -90.000            1.753e-01           1.541e-01             310.442           2.118e-02             352.195           4.378e+00     
-171.000         -90.000            1.690e-01           1.514e-01             311.385           1.758e-02             345.533           5.659e+00     
-170.000         -90.000            1.532e-01           1.385e-01             312.726           1.464e-02             337.278           8.060e+00     
-169.000         -90.000            1.298e-01           1.173e-01             314.680           1.250e-02             327.377           1.536e+01     
-168.000         -90.000            1.022e-01           9.097e-02             317.637           1.120e-02             316.119           1.209e+02     
-167.000         -90.000            7.425e-02           6.350e-02             322.362           1.075e-02             304.236           9.025e+00     
-166.000         -90.000            5.005e-02           3.899e-02             330.535           1.105e-02             292.697           3.656e+00     
-165.000         -90.000            3.310e-02           2.111e-02             346.112           1.199e-02             282.302           1.746e+00     
-164.000         -90.000            2.599e-02           1.261e-02              15.885           1.338e-02             273.421           1.248e+00     
-163.000         -90.000            2.998e-02           1.496e-02              52.825           1.502e-02             266.047           3.352e+00     
